7943
-7652
-9172
-501
-7898
-7080
-9549
-9710
2854
-2219
-1000
2972
-2686
-8386
-4468
7246
6269
409
747
-7636
4489
-6239
-8579
6300
7930
7765
5420
4881
-695
6584
-3371
233
-5066
-2950
-7193
-6107
5181
-8523
-5352
1608
-6258
7795
-5720
4565
-8741
-5849
-1435
-6259
-1551
2779
-6281
5524
6623
-8987
-4924
-6907
-142
-531
8090
-6680
3761
-5720
-5575
39
-1763
7575
2416
2425
-939
950
5350
-9694
-5346
7065
-4489
5229
-5485
-2642
6857
-649
-3843
-1799
-2536
3196
8327
-142
-1850
1321
8171
4185
6585
-1642
-7580
1107
-1147
-4735
5408
2717
-781
-9718
-6360
-3899
2732
3579
-1600
7669
746
3601
-6166
-49
-6493
-7036
2527
6074
-3731
-777
-2175
5278
-9398
-4755
748
8084
-7079
-9519
2470
904
-7348
-3612
-504
-5616
7019
-7584
7867
-2605
7894
-3799
-5577
-1785
-9122
87
4592
-2897
4029
-3688
-6388
3708
6949
-2567
-6358
40
497
1492
-2846
1103
6138
5580
-5019
7803
-4251
8133
8408
3076
-3827
-4848
-82
-1163
-7873
-8869
2066
7032
-3007
2959
-388
3163
-2245
-3700
5033
-6159
-1801
2573
409
5750
4586
-7827
-6379
-4392
-7194
-7947
4703
7028
708
6471
-6759
-8117
-9428
-4128
-8471
7805
4148
7551
-4001
-5440
-8375
6335
-3984
-4327
-94
-1618
4024
-8060
8211
3315
1818
709
-794
2209
-940
1940
-8336
-1379
-9388
-9388
-5535
-4668
6349
-8661
-8755
-2596
5646
-369
-3301
500
-6114
262
5195
4501
-9488
309
-4692
-4485
-2981
6989
-269
4720
5717
-4240
3353
5842
6417
-7107
-8292
1352
-5696
-1957
-9823
-9584
-3965
-8517
2977
6050
821
-8958
-8969
1593
8148
-4993
-3391
-9201
3301
-8801
-5690
967
-6009
-2558
7609
233
7872
-8564
-3701
-8080
5007
-557
-1006
-8930
-5906
-3163
-6663
1526
-7152
-9025
-5018
-8168
7835
-8424
7663
-3425
8265
-4685
4714
836
-1477
8117
-3035
-3664
-4103
6684
-4327
6727
-9425
-3650
4185
5833
-4857
7326
-8324
4198
5441
1842
4068
-8934
-8766
-5865
3945
-1224
-5396
-2563
5169
6459
-4352
5561
-6008
1021
-8769
-1160
-9414
216
2584
6640
-6467
3855
-6200
7401
-8444
-7423
-5667
4883
-851
-8203
2701
6754
-7699
7783
8044
6789
-9816
4356
-5712
-9574
-4184
5866
986
2770
2678
6834
-1431
6233
6877
-638
-1968
2003
5595
1985
-9350
-5961
2181
-8156
2221
-1140
-3242
3166
-3426
-5886
1472
-1007
7153
-2375
8449
3689
4819
-8778
-5009
-7204
-5338
1767
-6250
2936
4716
-5544
-7834
-9581
4620
6153
-8850
-212
-9092
-6001
4832
-6434
6102
-396
1463
-1565
5947
-7705
-1967
-9630
-8574
-7115
-6288
3626
-6637
1620
6153
7498
6069
-9580
8369
865
-6392
6826
-5383
4340
352
-9541
-7050
-5692
-7070
-8013
-948
-479
4111
-8693
-8487
6594
6804
3479
2242
-6618
-8062
-2839
-3168
5438
8410
673
2822
3062
-6446
-3223
-5455
2151
1038
142
-4227
8159
6546
-4590
-8938
-5484
-3836
-5355
4887
556
-7994
3810
-4529
5821
1867
-3553
-8883
-6081
6247
-4953
7337
8447
-3736
1775
3897
7630
3805
-2694
-2129
-192
1749
202
-5945
-1249
-2512
1934
3214
3573